====================
Estatisticas (quantiles)
[[1.01450164e+00 6.20285859e+00 9.46112333e+00 3.79179769e+01
  1.05568454e+02 4.56791711e+03 7.07167474e+05]
 [1.01451651e+00 6.11007829e+00 8.29377582e+00 1.51912577e+01
  5.73473783e+01 1.92082059e+03 1.12660753e+04]
 [1.02100659e+00 5.63434096e+00 7.97331530e+00 1.51888336e+01
  1.11896602e+02 5.51111546e+03 1.13182682e+06]
 [1.01686845e+00 5.95733005e+00 8.69401200e+00 2.14839722e+01
  6.84490376e+01 5.17606790e+03 2.21175308e+06]]
====================
Teste Friedman
FriedmanchisquareResult(statistic=58.56617647058823, pvalue=4.4412558505454137e-07)
====================
Teste Nemenyi
          0         1         2         3
0  1.000000  0.031375  0.065622  0.220908
1  0.031375  1.000000  0.900000  0.823993
2  0.065622  0.900000  1.000000  0.900000
3  0.220908  0.823993  0.900000  1.000000
