====================
Estatisticas (quantiles)
[[6.13232516e-01 7.62313849e-01 1.41850340e+00 3.80642661e+00
  1.55307017e+02 4.87135775e+05 7.48685505e+05]
 [3.66659640e-01 4.18018180e-01 9.39583802e-01 1.75678950e+00
  3.02959264e+00 4.57692369e+00 8.30212793e+00]
 [2.59782581e-01 6.40450102e-01 1.22536590e+00 2.90287594e+00
  5.51362885e+00 1.01432184e+01 6.30407883e+02]
 [4.53324807e-01 8.08222288e-01 1.67863115e+00 3.07111152e+00
  1.48478564e+01 2.18818250e+04 4.62103398e+04]]
====================
Teste Friedman
FriedmanchisquareResult(statistic=40.19117647058826, pvalue=0.0004243150662302455)
====================
Teste Nemenyi
          0         1         2         3
0  1.000000  0.168634  0.354855  0.900000
1  0.168634  1.000000  0.900000  0.516551
2  0.354855  0.900000  1.000000  0.747133
3  0.900000  0.516551  0.747133  1.000000
