====================
Estatisticas (quantiles)
[[1.75095342e-02 4.98302794e-02 3.88037851e-01 2.01266148e+00
  1.29413744e+02 3.07076830e+05 9.28552513e+05]
 [1.47867913e-01 1.96187132e-01 2.66288696e-01 6.33467693e-01
  8.20466587e-01 1.04425813e+00 3.21132123e+00]
 [1.27481343e-01 1.48202724e-01 5.57294159e-01 1.51078223e+00
  3.40892177e+00 7.67236261e+00 6.65227374e+01]
 [4.33242622e-02 1.53141667e-01 6.65125277e-01 1.50059330e+00
  3.35176445e+01 8.96287471e+03 2.93495108e+04]]
====================
Teste Friedman
FriedmanchisquareResult(statistic=45.08823529411765, pvalue=7.415584042940558e-05)
====================
Teste Nemenyi
          0         1         2         3
0  1.000000  0.125527  0.900000  0.900000
1  0.125527  1.000000  0.168634  0.283091
2  0.900000  0.168634  1.000000  0.900000
3  0.900000  0.283091  0.900000  1.000000
