====================
Estatisticas (quantiles)
[[1.94043809e-02 4.72069865e-02 4.07064868e-01 1.43396018e+00
  3.70175584e+01 1.34861417e+05 3.67096800e+05]
 [2.25273503e-02 2.67670630e-02 3.48849983e-02 7.10243137e-02
  2.64578546e-01 1.00471660e+00 1.84091932e+00]
 [1.69560103e-02 1.78157143e-01 3.99881317e-01 7.83425506e-01
  4.60361748e+00 1.52626007e+01 1.14144288e+02]
 [1.32195330e-02 1.58409431e-01 4.21428971e-01 1.20520756e+00
  2.48161399e+01 1.27454745e+04 6.52871631e+04]]
====================
Teste Friedman
FriedmanchisquareResult(statistic=41.536764705882376, pvalue=0.00026474819807864266)
====================
Teste Nemenyi
          0         1         2         3
0  1.000000  0.001000  0.823993  0.900000
1  0.001000  1.000000  0.008884  0.005604
2  0.823993  0.008884  1.000000  0.900000
3  0.900000  0.005604  0.900000  1.000000
