====================
Estatisticas (quantiles)
[[1.02418403e+00 4.61785715e+00 6.28705091e+00 1.02522420e+01
  6.74677102e+01 2.76832602e+03 3.55989911e+05]
 [1.02408114e+00 2.79912773e+00 5.36400037e+00 7.85398720e+00
  3.37485657e+01 2.35523753e+03 2.91490440e+04]
 [1.02021542e+00 3.24987497e+00 4.43974304e+00 7.87880187e+00
  9.62723276e+01 6.12137969e+03 2.17784560e+06]
 [1.02226385e+00 4.97593437e+00 5.90553088e+00 9.26002211e+00
  1.12788092e+02 5.00324680e+03 2.19094192e+06]]
====================
Teste Friedman
FriedmanchisquareResult(statistic=54.992647058823536, pvalue=1.7909392554955489e-06)
====================
Teste Nemenyi
          0         1         2         3
0  1.000000  0.045834  0.021029  0.670273
1  0.045834  1.000000  0.900000  0.435183
2  0.021029  0.900000  1.000000  0.283091
3  0.670273  0.435183  0.283091  1.000000
