====================
Estatisticas (quantiles)
[[1.01846964e+00 3.16234460e+00 5.33687922e+00 7.46224425e+00
  4.10353710e+01 6.56853355e+02 1.13492011e+04]
 [1.02068540e+00 5.09188426e+00 7.00772326e+00 1.01550178e+01
  5.41036437e+01 2.98864889e+03 2.99261321e+05]
 [1.02552336e+00 2.74724361e+00 5.07369747e+00 6.79075640e+00
  2.48079187e+01 7.67722956e+02 1.47642965e+04]
 [1.02121940e+00 4.26890064e+00 5.99978259e+00 1.02558101e+01
  6.85815312e+03 1.32925095e+05 8.09251624e+06]
 [1.02114746e+00 3.84782511e+00 5.72134604e+00 8.42791561e+00
  8.31770286e+01 1.31092890e+04 7.53190560e+05]]
====================
Teste Friedman
FriedmanchisquareResult(statistic=69.28235294117644, pvalue=5.994033065545695e-09)
====================
Teste Nemenyi
          0         1         2         3         4
0  1.000000  0.056476  0.834289  0.001000  0.449813
1  0.056476  1.000000  0.002096  0.707384  0.834289
2  0.834289  0.002096  1.000000  0.001000  0.056476
3  0.001000  0.707384  0.001000  1.000000  0.166548
4  0.449813  0.834289  0.056476  0.166548  1.000000
