====================
Estatisticas (quantiles)
[[1.01754554e+00 2.55014400e+00 3.23895490e+00 7.57195984e+00
  4.81588009e+01 1.23648031e+03 1.66582616e+05]
 [1.01976217e+00 4.24202230e+00 6.42451842e+00 1.01651229e+01
  1.16350372e+03 8.41370458e+04 3.49350908e+06]
 [1.01472399e+00 1.48000686e+00 3.58633117e+00 5.21292063e+00
  2.31612188e+01 9.19311561e+02 1.11403877e+05]
 [1.01878103e+00 2.56728450e+00 3.43352424e+00 9.64623485e+00
  4.38624186e+02 2.61307837e+04 6.23195302e+06]
 [9.32851764e-01 1.21270428e+00 2.42028233e+00 6.41516588e+00
  5.00877923e+01 3.79878732e+03 2.54048097e+04]]
====================
Teste Friedman
FriedmanchisquareResult(statistic=68.38235294117646, pvalue=8.658861497993487e-09)
====================
Teste Nemenyi
          0         1         2         3         4
0  1.000000  0.041476  0.129724  0.900000  0.517029
1  0.041476  1.000000  0.001000  0.041476  0.001000
2  0.129724  0.001000  1.000000  0.129724  0.900000
3  0.900000  0.041476  0.129724  1.000000  0.517029
4  0.517029  0.001000  0.900000  0.517029  1.000000
