====================
Estatisticas (quantiles)
[[6.79516947e-01 9.80289718e-01 1.38639172e+00 5.08563282e+00
  4.15205993e+01 4.30988996e+03 6.70938879e+04]
 [6.45590257e-01 9.86136492e-01 1.34768669e+00 5.19941729e+00
  3.05435214e+01 3.74018530e+03 2.93269350e+04]
 [1.77757695e-01 4.66870364e-01 9.04132989e-01 2.79860180e+00
  1.77285661e+01 1.02609606e+03 8.63441735e+03]
 [3.99521224e-01 1.03791364e+00 1.33239574e+00 4.60239118e+00
  7.61937997e+01 1.63356261e+04 8.37061854e+05]
 [3.57473725e-01 9.60411248e-01 1.20442940e+00 4.33031527e+00
  4.92230835e+01 6.04033421e+03 6.84776990e+04]]
====================
Teste Friedman
FriedmanchisquareResult(statistic=73.85294117647061, pvalue=9.117217997669827e-10)
====================
Teste Nemenyi
          0         1         2         3         4
0  1.000000  0.900000  0.001000  0.643932  0.770836
1  0.900000  1.000000  0.001000  0.643932  0.770836
2  0.001000  0.001000  1.000000  0.001000  0.021398
3  0.643932  0.643932  0.001000  1.000000  0.099915
4  0.770836  0.770836  0.021398  0.099915  1.000000
