====================
Estatisticas (quantiles)
[[1.01845934e+00 5.98681766e+00 8.31583390e+00 1.82263183e+01
  6.35672596e+01 2.82210370e+04 1.71883796e+06]
 [1.01824002e+00 5.97877167e+00 8.86088933e+00 2.75634497e+01
  8.89850702e+01 1.10680670e+04 1.34578128e+06]
 [1.02414597e+00 5.94882370e+00 7.65286720e+00 1.30201460e+01
  4.74288648e+01 1.19240411e+03 8.25606303e+04]
 [1.02088259e+00 5.65956407e+00 7.39453355e+00 1.05530303e+01
  9.59329171e+01 1.43076225e+04 1.35913164e+06]
 [1.01731645e+00 5.90306144e+00 8.08633316e+00 1.35207671e+01
  1.19888106e+02 9.71293506e+03 8.05048744e+05]]
====================
Teste Friedman
FriedmanchisquareResult(statistic=72.0529411764706, pvalue=1.919684248918935e-09)
====================
Teste Nemenyi
          0         1         2         3         4
0  1.000000  0.900000  0.209660  0.316855  0.897740
1  0.900000  1.000000  0.075861  0.129724  0.643932
2  0.209660  0.075861  1.000000  0.900000  0.707384
3  0.316855  0.129724  0.900000  1.000000  0.834289
4  0.897740  0.643932  0.707384  0.834289  1.000000
