====================
Estatisticas (quantiles)
[[1.02020143e+00 5.12667725e+00 6.73642123e+00 1.11678093e+01
  4.91774262e+01 4.38025700e+03 7.21671005e+05]
 [1.01928187e+00 5.85036749e+00 7.27620620e+00 1.06199613e+01
  6.37977395e+01 3.75801151e+03 4.66899058e+05]
 [1.02108747e+00 5.26497492e+00 6.29376567e+00 1.06801776e+01
  4.15052598e+01 8.61384299e+02 1.33222047e+05]
 [1.02020374e+00 5.94877457e+00 7.47533667e+00 1.12231874e+01
  2.10170134e+03 1.42781654e+05 5.58455291e+06]
 [1.01866043e+00 5.06349607e+00 6.33850550e+00 9.99818542e+00
  5.84180236e+01 7.52751479e+03 6.92456710e+05]]
====================
Teste Friedman
FriedmanchisquareResult(statistic=71.02941176470586, pvalue=2.926691295621385e-09)
====================
Teste Nemenyi
          0         1         2         3         4
0  1.000000  0.449813  0.517029  0.010426  0.900000
1  0.449813  1.000000  0.010426  0.517029  0.770836
2  0.517029  0.010426  1.000000  0.001000  0.209660
3  0.010426  0.517029  0.001000  1.000000  0.056476
4  0.900000  0.770836  0.209660  0.056476  1.000000
